Training weights:

Weights 1-2:
[[ 3.36681428e-01,  4.14470246e-01,  5.04897723e-01,
   4.34229001e-01,  2.35441242e-01,  7.19852090e-01],
 [ 1.74952565e-01, -1.53092213e-01,  3.81966031e-01,
   7.03143457e-02,  2.11587136e-01, -1.01034012e-01],
 [ 3.15449437e-01, -3.09524821e-01,  5.64465768e-01,
   1.35687879e-01,  3.33206161e-01, -3.86360661e-01],
 [-1.29417445e-01,  8.92171280e-01, -4.97993942e-01,
   1.44474129e-01, -1.51568510e-01,  8.24148545e-01],
 [ 1.02926992e+00, -7.38738876e-01, -8.51553065e-02,
   9.61700248e-01,  3.65943897e-01, -1.55776542e+00],
 [ 7.68449502e+00, -1.69023273e+01, -6.95693760e+00,
   6.89117874e+00,  1.58016701e+01, -8.28692455e+00],
 [-5.91093705e-01, -1.95133326e-02, -5.84467819e-01,
  -4.34386374e-01, -6.20562448e-01,  1.69852083e-01],
 [-8.87349516e-01,  4.90086281e+00, -2.92486945e+00,
  -1.56531363e+00,  3.09243427e+00, -1.72461608e+00],
 [ 9.96568973e-02, -4.21191641e-01,  1.02400837e-01,
  -5.86071740e-02,  1.28165095e-01, -6.27674424e-01],
 [ 4.76117920e-01, -2.57622534e-01,  1.25448318e-01,
   5.56313071e-01,  7.98990191e-02, -1.84296987e-01],
 [ 1.03613009e-01, -1.01446306e-01,  4.17907062e-02,
   5.55268758e-02,  8.63501852e-02, -2.83987493e-01],
 [ 8.65153339e-01, -3.73081145e-01,  6.45299159e-01,
   7.09350936e-01,  6.00355730e-01, -7.04282310e-01],
 [ 4.26206982e-01, -3.31695260e-01,  3.26151464e-01,
   2.74065272e-01,  3.30781090e-01, -5.61215430e-01],
 [ 3.26349121e-01,  6.81520290e-02,  3.92781089e-01,
   2.57194929e-01,  3.32314591e-01,  1.05718118e-01],
 [ 1.25204700e-01, -1.83409734e-01,  3.68491419e-01,
   8.31405282e-02,  1.05380839e-01,  3.50121427e-02],
 [ 4.11944866e-01, -1.21844909e+00,  4.65669202e-01,
   2.67699347e-01,  5.03455317e-02, -9.38315931e-01],
 [-1.16370774e-02,  3.92501177e-01, -5.15373191e-02,
   1.10734335e-01, -5.05370615e-02,  5.84001226e-01],
 [ 4.54636312e-02, -4.15755231e-01, -1.14953819e-01,
  -6.37496961e-02,  3.24765577e-02, -7.10473104e-01],
 [-1.77012051e-01, -5.84539280e-01, -1.59417277e-01,
  -2.46197422e-01, -2.33839577e-01, -5.57438399e-01],
 [-5.23129705e-01, -6.85178749e-01, -5.46827918e-01,
  -5.70414914e-01, -5.02882943e-01, -8.13223439e-01],
 [-4.04600261e-01,  1.41685434e-01, -4.69240698e-01,
  -1.49299647e-01, -5.84327241e-01,  5.89775068e-01],
 [-2.99809802e-01, -3.90429332e-01,  3.97491031e-01,
  -1.44265859e-01, -5.45038221e-01,  6.91471172e-01],
 [-3.28076087e-03, -2.29647331e-01,  8.33574751e-02,
  -1.08272729e-01,  4.09302930e-02, -4.04422749e-01],
 [-2.62323152e-01,  2.89539118e-01, -5.03538397e-01,
  -9.02495647e-03, -4.29405707e-01,  6.09491203e-01],
 [-7.61802373e-02,  8.62933571e-01, -1.43218915e-01,
   2.37032486e-01, -1.64853288e-01,  1.38360031e+00],
 [-1.93420829e-01, -3.70863337e-01, -1.94563803e-02,
  -2.01557089e-01, -2.21928267e-01, -2.19537877e-01],
 [-1.77303588e+00,  2.17548645e-01, -6.04406477e-01,
  -1.96219565e+00,  5.81369396e+00, -9.58361421e-01],
 [ 1.13049299e-02,  4.65126489e-01, -3.94838342e-01,
   2.80183076e-01, -2.21888492e-01,  5.81792706e-01],
 [ 3.83079323e-01, -3.98379631e-01,  6.80931511e-01,
   4.48235569e-02,  5.93141381e-01, -7.47688522e-01],
 [-1.05193508e+00, -4.49252333e-01, -4.23127020e-01,
  -1.01304136e+00, -8.90330589e-01,  1.32713187e-01],
 [ 4.26343686e+00, -1.06294496e+01, -2.43474237e+00,
   4.37919661e+00,  1.21565947e+01, -7.62176133e+00],
 [-6.15926555e-03, -4.32463505e-01,  9.08148843e-01,
  -3.30642961e-01,  3.61911274e-01,  4.03258980e-02],
 [-3.68214169e-01, -1.85629610e-01, -4.69167947e-01,
  -2.61050723e-01, -4.62474059e-01, -2.67404344e-02],
 [ 2.32663678e-01,  3.54266522e-01,  2.27871798e-01,
   2.04094257e-01,  3.45881620e-01,  2.34309389e-01],
 [-2.51720879e-01, -1.57141444e-01,  2.56957073e-02,
  -2.86156612e-01, -1.54442895e-01,  2.70441092e-02],
 [ 1.32636936e-02, -1.01366385e-01, -2.66275842e-01,
   8.39056844e-02, -1.41240638e-01, -1.17502271e-01],
 [-2.91970015e-03,  4.09728594e-01,  8.28139168e-02,
   1.31802892e-01, -1.66645927e-02,  7.40072782e-01],
 [-8.49647498e-01, -5.61670145e-02, -4.94171013e-01,
  -6.79603626e-01, -7.67034290e-01,  4.57289517e-01],
 [-1.35418763e-02, -6.94748799e-01,  1.04597895e-01,
  -2.29270868e-01,  5.03072455e-02, -9.32797912e-01],
 [-3.69913598e-01, -1.22910883e-01, -3.96479748e-01,
  -2.38625721e-02, -6.98658773e-01,  1.78143202e-01],
 [-1.26433013e-01, -5.50822890e-01,  1.44568117e-01,
  -2.97705846e-01, -3.03014145e-02, -5.91626533e-01],
 [ 1.06214469e-01, -4.85084459e-01,  2.12901400e-01,
  -1.62701021e-01,  2.60123903e-01, -8.93632979e-01],
 [-1.35466579e-01,  4.67614974e-01, -3.04228251e-01,
   8.70601374e-02, -2.60399345e-01,  6.06637614e-01],
 [-5.12907493e-02,  6.48409510e-01, -1.80636974e-01,
   2.45764587e-01, -2.13481346e-01,  1.11696441e+00],
 [-3.38036039e-01, -2.71074862e-01, -4.74068691e-01,
  -2.74101281e-01, -4.18803019e-01, -1.80612518e-01],
 [ 1.10771299e-01,  2.33790906e-01,  9.79717121e-02,
   1.36748153e-01,  1.37576360e-01,  2.54960136e-01],
 [-5.18031017e-01, -1.40769346e-01, -6.14243613e-01,
  -4.13253832e-01, -5.24075723e-01, -5.50083132e-02],
 [ 3.12817206e-01, -6.26775712e-01,  9.79049882e-01,
  -7.76077406e-02,  5.67499787e-01, -5.73317895e-01],
 [-2.68197536e-01,  4.15692643e-01, -4.65669066e-01,
   1.06418022e-01, -5.43044556e-01,  1.02697322e+00],
 [ 1.29504450e-01, -2.76564187e-01, -3.35807274e-02,
  -2.26056510e-01,  4.48888713e-01, -1.20511735e+00],
 [ 1.78702814e-01,  4.14802358e-01,  3.42766482e-01,
   1.95341823e-01,  2.53693889e-01,  6.17918778e-01],
 [-3.89189459e-01,  1.45649650e-01, -1.89843532e-01,
  -3.29133025e-01, -2.63496026e-01,  3.98293645e-01],
 [-2.69810519e-01, -3.58332012e-01, -2.19010579e-01,
   2.66027457e-02, -7.12554300e-01,  4.51401349e-01],
 [ 7.86564720e-01,  1.78636922e-01,  5.73698408e-01,
   6.05172199e-01,  8.12428122e-01, -2.49063621e-01],
 [ 7.13803995e-01,  2.43947657e-01,  6.86391231e-01,
   5.62458970e-01,  7.38284583e-01,  2.90711761e-03],
 [ 6.42938660e-01,  1.68827675e-01,  5.58300537e-01,
   5.39173810e-01,  6.17335857e-01, -3.27370642e-02],
 [ 7.30069559e-01, -8.02125803e-05,  1.80632734e-01,
   5.37027227e-01,  6.97992533e-01, -8.15551802e-01],
 [-2.02781715e-02,  8.18648640e-01, -3.03687642e-01,
   2.34941327e-01, -7.43542243e-02,  9.31194259e-01],
 [ 3.67415282e+00, -7.74979392e-01, -4.84698623e+00,
   7.84467857e-01,  4.39480284e+00, -3.36695028e+00],
 [ 5.30680409e-01, -1.35103749e+00, -4.18714655e-02,
   6.40053046e-01, -4.35017966e-01, -1.05525242e+00]],
Layer 1:
[[ 1.10104094e-02 -6.23920174e-03 -1.31428464e-02  2.56987637e-02
  -7.31679272e-02  4.49835686e-01  2.17983944e-02 -3.15242969e-01
  -1.87196796e-02 -2.55143902e-02 -7.35923711e-03 -4.04388656e-02
  -2.57044855e-02 -7.86121646e-03 -3.95571787e-03 -4.74834363e-02
   1.36861827e-02 -2.05462182e-02 -1.25144915e-02 -6.94928972e-03
   2.15884083e-02  2.52575613e-02 -4.56246633e-03  1.50656371e-02
   3.11600227e-02 -4.91716648e-04  3.91166817e-01  9.82795807e-03
  -2.33040814e-02  3.56426173e-02 -9.97905766e-01 -1.34084520e-03
   5.39373983e-03  1.32194026e-04  8.47762116e-03 -8.69532630e-03
   1.57100931e-02  3.53275373e-02 -2.14657704e-02  1.64670530e-02
  -8.85162362e-03 -2.03169154e-02  2.09517602e-02  2.32998744e-02
  -2.01680047e-04  2.32455517e-03  9.58271876e-03 -2.06502235e-02
   2.32876784e-02 -2.58056056e-02  9.96575507e-03  1.99704078e-02
   9.36175221e-03 -2.85798182e-02 -1.71852905e-02 -1.83419382e-02
  -3.98474278e-02  2.12968516e-02 -2.25370963e-01 -5.29761656e-02]]
Weights 0-1:
[[ 1.14714424e+00, -1.07245864e+00, -1.77006119e+00,
   3.81233248e+00, -3.69427154e+00,  3.75398182e+01,
   2.27351493e+00, -2.40782419e+01, -2.01000450e+00,
  -1.32452749e+00, -4.43533577e-01, -3.18825972e+00,
  -2.35642717e+00, -1.12061142e+00, -8.95395886e-01,
  -3.60673704e+00,  1.37183388e+00, -1.68180014e+00,
  -1.41975437e+00, -5.63093727e-01,  2.24749004e+00,
   8.14712905e-01, -6.00716619e-01,  2.03444743e+00,
   3.29478134e+00, -2.20162303e-01,  5.36236015e+01,
   2.13593553e+00, -3.24767588e+00,  1.44703845e+00,
  -7.22938533e+00, -3.22116560e+00,  7.43301961e-01,
   5.38854851e-02,  9.29154590e-02, -2.14337837e-01,
   1.35432363e+00,  2.74994127e+00, -2.39133401e+00,
   4.35576628e+00, -1.49765956e+00, -2.45771859e+00,
   2.95669333e+00,  2.59960856e+00,  1.34143188e-01,
   2.82611025e-01,  1.09070046e+00, -3.88301266e+00,
   2.99208943e+00, -2.72867317e+00,  3.95162883e-01,
   1.23568020e+00,  1.53994322e+00, -2.60785908e+00,
  -1.81762822e+00, -1.64902018e+00, -2.57421721e+00,
   2.78744480e+00,  4.06199412e+01, -2.69647359e+00],
 [-8.03421975e-02,  7.83999949e-01,  1.66945781e+00,
  -1.99334944e+00,  2.14182821e+00,  5.33256890e+00,
  -9.82898535e-01,  1.55626538e+01,  1.03727464e+00,
   3.96384101e-01,  5.86371260e-01,  2.16126196e+00,
   1.34993597e+00,  3.39691881e-01,  5.43415406e-01,
   1.99887688e+00, -9.84140723e-01,  7.86862873e-01,
   5.26859917e-01,  3.93533484e-01, -1.56886351e+00,
  -4.09614115e-03,  9.36034355e-01, -1.85119346e+00,
  -2.42409033e+00,  4.15452088e-01,  2.58821008e+00,
  -1.53252594e+00,  2.21012334e+00, -6.02334347e-01,
  -3.52034527e+01,  1.08387874e+00, -7.33868781e-01,
  -1.08091155e-01,  4.78804754e-02, -3.83657893e-01,
  -1.05699866e+00, -1.27807059e+00,  1.59023122e+00,
  -1.55157473e-01,  1.20885515e+00,  1.72039388e+00,
  -1.17674914e+00, -2.06252581e+00, -5.87761159e-01,
  -3.11109009e-01, -9.47544719e-01,  2.34551387e+00,
  -2.37970124e+00,  1.66939580e+00, -4.86103922e-01,
  -9.43287329e-01, -8.52858269e-01,  1.01553786e+00,
   1.00421711e+00,  8.24333700e-01,  1.29571276e+00,
  -1.98791983e+00, -2.94344909e+01,  1.74095042e+00],
 [ 2.37367401e+00, -1.50830448e+00, -2.22017975e+00,
   5.50169325e+00, -5.46566622e+00,  1.80711061e+01,
   2.94460579e+00,  2.13296785e+01, -3.07489609e+00,
  -1.50412968e+00, -3.10548616e-01, -3.58024779e+00,
  -3.95653339e+00, -1.99841758e+00, -3.21917481e-01,
  -4.68947523e+00,  1.19160569e+00, -2.11680004e+00,
  -2.44041313e+00, -1.69338645e-01,  2.58726354e+00,
   1.25923105e+00, -8.89647396e-01,  2.02753870e+00,
   4.00154877e+00,  7.06332451e-01,  2.04426533e+01,
   2.99597707e+00, -3.94955650e+00,  1.23696054e+00,
  -3.82141182e+01, -5.08801866e+00,  5.55766176e-01,
   6.40207232e-01,  4.35191879e-02, -7.05376609e-01,
   2.18460355e+00,  4.38531606e+00, -3.00427429e+00,
   1.03638720e+01, -2.01997444e+00, -3.58241296e+00,
   3.77816535e+00,  3.31293069e+00, -7.14275680e-01,
   7.45751643e-01,  1.38591532e+00, -5.36479542e+00,
   3.87551151e+00, -4.78000511e+00,  1.23574942e-01,
   1.30340595e+00,  2.78397713e+00, -4.00935182e+00,
  -3.04094093e+00, -2.08102584e+00, -4.03759549e+00,
   3.88825323e+00, -3.33425666e+01, -4.79332794e+00],
 [-4.06414564e-01, -2.03030356e-02, -1.22172938e+00,
   5.38111716e-01, -1.19729436e+00, -2.37355752e+00,
  -4.41462294e-01,  3.65418589e+01, -1.12224349e-01,
   8.29925999e-03, -6.57784367e-01, -1.63400157e+00,
  -7.02273626e-01,  3.08213541e-01,  1.14684125e-01,
   2.80832921e+00,  2.32531204e-01,  7.86179528e-02,
   6.52714321e-02,  3.80421125e-03, -5.53079272e-02,
  -1.64970097e+00, -1.19954332e+00,  1.04459211e+00,
   1.49080333e+00, -1.03106957e-01, -3.93498515e+01,
   1.82353684e-01, -8.17468731e-01, -1.07289411e+00,
  -5.73175912e-01,  1.51089086e+00,  3.20127222e-01,
   8.01965997e-01,  1.43514040e-01,  4.23333518e-01,
   8.23791699e-01,  2.71437071e-01, -3.16234645e-01,
   1.21977904e+00, -2.72538673e-01, -8.28044718e-01,
  -3.03652967e-01,  8.69686429e-01,  4.72498075e-01,
   5.84863800e-01,  5.54574213e-01,  3.82165136e-01,
   1.40949382e+00, -1.03205605e+00,  6.17338429e-01,
   6.24286136e-01,  5.24109120e-01,  1.97062035e-01,
  -4.45215919e-01, -8.50712154e-02, -9.50592293e-02,
   7.22512612e-01, -1.90275178e+01, -1.08488245e+00],
 [-1.26587655e+00,  1.07236508e+00,  2.53644752e+00,
  -4.15756539e+00,  4.31329609e+00,  4.72895472e+01,
  -1.67541057e+00,  1.84457076e+01,  2.17097548e+00,
   7.58049887e-01,  7.65520924e-01,  3.63060437e+00,
   3.13821370e+00,  1.05918220e+00,  1.92138574e-01,
   8.84573021e-01, -1.09612204e+00,  1.38536287e+00,
   1.50519090e+00,  1.89982619e-01, -1.92364447e+00,
   1.46494866e-01,  1.60846321e+00, -2.41995265e+00,
  -4.02404201e+00, -3.10964720e-01,  3.96680407e+00,
  -2.35831962e+00,  3.52757897e+00, -2.14637695e-02,
   5.02666486e-01,  2.44129856e+00, -7.56599025e-01,
  -9.26530974e-01, -8.47719156e-02, -2.39189069e-02,
  -2.14293081e+00, -3.10362819e+00,  2.37371810e+00,
  -7.55495219e+00,  1.67773423e+00,  3.20621172e+00,
  -2.39660401e+00, -3.11570174e+00, -5.57290700e-02,
  -9.21067054e-01, -1.41068510e+00,  3.57706037e+00,
  -4.00266112e+00,  4.25775848e+00, -5.76399058e-01,
  -1.34781211e+00, -2.56517859e+00,  2.54319816e+00,
   2.39392842e+00,  1.47744430e+00,  2.80163039e+00,
  -3.27247407e+00,  1.48960190e+01,  3.45084916e+00],
 [-6.54124346e-01,  4.09532197e-01,  4.68634931e-01,
  -1.60000692e+00,  3.19580303e-01, -1.38092115e+01,
  -7.73122664e-01, -9.73265919e+00,  7.45774153e-01,
   1.51565550e-01, -7.11868461e-02,  5.63128599e-01,
   8.19283785e-01,  5.93141525e-01,  2.29468494e-01,
   7.86703525e-01, -2.47327809e-01,  4.35600112e-01,
   6.50439724e-01,  9.46964491e-03, -5.45363901e-01,
   7.57306014e-02,  9.15532502e-02, -4.49165985e-01,
  -8.41901939e-01, -1.46888067e-01, -1.72805994e+01,
  -8.79804520e-01,  1.05464071e+00,  1.77463239e-01,
  -6.64860097e+01,  2.07275385e+00, -1.15538394e-01,
  -1.25343442e-01,  1.48132672e-01,  1.09185070e-01,
  -3.58792596e-01, -8.46397539e-01,  6.96243214e-01,
  -3.45300547e+00,  5.22672757e-01,  8.28263101e-01,
  -1.20871615e+00, -6.80118903e-01,  2.16746299e-01,
  -1.35066830e-01, -2.73642325e-01,  1.62544885e+00,
  -8.81275496e-01,  1.03663275e+00,  1.66571694e-01,
  -6.71498887e-02, -7.43712139e-01,  9.42750448e-01,
   7.01680126e-01,  4.62937705e-01,  5.76624446e-01,
  -9.47491018e-01, -9.45308767e+00,  3.77637302e-01]],